1.32594 2.01081 1.76657 1.56481 1.59846
0.625318 1.50782 1.36457 1.16841 0.959242
1.07612 1.76335 2.00496 1.72174 1.00201
1.55811 1.71827 1.09549 2.04636 0.980457
1.47101 1.73369 2.03019 1.50481 1.41204
1.33014 1.52714 1.70557 1.9019 1.5108
1.84432 1.58362 1.47149 1.90706 1.34203
1.61719 1.51731 1.84208 0.809713 1.52171
1.72974 1.53836 1.9319 1.49255 1.75132
1.27405 1.56945 1.85696 1.37431 1.62525
1.37051 1.63178 2.0227 1.67266 1.66154
1.35208 1.87896 1.2625 1.72091 1.76002
1.89622 1.54827 1.89885 1.42088 1.46063
2.19777 1.6057 1.50941 1.53681 1.87949
1.24062 1.85099 1.88533 1.68339 1.49379
1.09733 1.39444 1.5596 1.45708 1.76222
1.95634 1.81144 1.47636 1.78356 1.34956
1.34276 1.66842 1.70792 1.95501 1.43875
1.84874 1.9213 1.597 1.31329 1.50394
1.94361 1.14825 1.87071 1.2339 1.44749
2.09297 1.3889 1.52301 1.23811 2.04189
1.28297 2.13233 1.24342 1.32457 2.36012
1.66481 0.814644 1.74541 1.92579 1.60997
1.39679 1.44875 1.55403 1.46606 1.9199
1.65799 1.53798 1.28257 1.68616 1.76265
1.63118 1.73411 1.82801 1.47519 1.62299
1.57237 1.1083 1.97584 1.82903 1.74924
1.83733 1.82383 1.22403 1.71932 1.6043
1.39008 1.67976 1.55797 1.80692 1.83464
1.88423 1.46707 1.59793 1.49622 1.68282
1.30472 1.20997 1.90769 1.15704 1.73197
1.08614 1.46422 1.86773 1.36629 1.55425
1.60217 1.60213 1.35986 1.72964 1.75374
1.84243 1.63833 1.44643 0.733083 1.32106
1.94607 1.74726 1.6937 1.7717 1.48116
1.52168 1.25725 1.40091 1.88312 1.64997
1.16538 1.60075 1.80166 1.41229 1.0439
1.35677 1.3379 1.79333 1.69974 1.71567
1.41234 1.92315 1.12451 1.10066 1.82295
1.48383 1.91331 1.77299 1.8096 1.36914
1.6291 1.92485 1.92733 1.08948 1.26545
2.08024 1.7286 1.52054 1.32659 1.7645
1.29638 1.80637 1.38512 1.58022 1.68813
1.44552 1.35324 1.5503 1.6863 1.66067
1.49301 1.93686 0.94847 1.67436 1.81532
1.05087 2.04498 1.79163 1.6628 1.20284
2.04807 1.09754 0.686425 1.08819 0.913386
1.9087 1.47493 1.81036 1.94074 1.48579
1.1816 1.35013 1.68315 1.89396 1.43535
1.88041 1.65591 1.63639 1.25937 1.53258
1.49569 1.25392 1.06435 1.57521 1.6116
1.58719 1.79219 1.44454 1.33337 1.89936
1.39428 1.46676 1.31177 2.27499 1.35297
1.68635 1.911 1.34818 1.9387 1.35584
1.7575 1.30749 1.82308 1.30129 1.29278
1.17779 2.00231 1.29201 1.77714 1.72386
1.58648 1.48412 2.02528 1.38191 1.8427
1.40379 1.84035 2.02797 1.20176 0.997985
1.48533 1.12213 1.70708 1.50375 1.85196
1.22021 1.58547 1.99205 1.40653 1.43404
1.54584 1.73919 1.24357 1.91119 1.46857
1.30405 1.98654 1.87584 1.89551 1.37294
1.8005 1.5829 2.05429 1.28232 1.35869
2.2391 1.16832 1.63003 1.23915 1.07761
1.20587 1.22614 1.87448 2.07111 1.17417
1.7232 1.49531 1.39711 1.68065 1.53123
1.7846 1.78776 1.78526 1.18622 1.9278
1.24991 0.556857 1.25984 2.06964 1.75976
1.70948 1.76405 1.58048 1.59737 1.55791
1.53927 1.63799 1.43435 1.93327 1.28247
0.837916 1.69592 1.08354 0.896843 2.11481
1.49529 1.71836 1.61132 1.54496 1.15265
1.6854 1.2971 1.78758 1.98275 1.71125
1.69452 1.71574 1.71765 1.50545 1.89233
1.93101 1.541 1.53897 1.81482 1.68654
1.68081 1.20269 1.75342 1.62861 1.3244
1.45872 1.52329 1.97047 1.53979 2.13977
1.56777 1.72616 1.62042 1.57609 1.63933
1.66696 1.88305 1.65414 1.51968 1.68173
1.54266 1.86086 1.19929 1.21951 1.57185
1.88537 1.67073 1.23996 1.73667 1.58964
1.32552 1.62464 1.70214 1.52303 1.79425
1.78943 1.28897 1.65894 2.03475 0.764198
2.08367 1.01228 2.10546 0.988538 1.45027
1.35314 1.818 1.73425 1.49844 1.27144
1.70702 1.72136 1.91244 1.42038 1.64133
1.20925 1.76191 1.40431 1.65451 1.5586
1.67949 1.76926 1.40355 1.69298 1.94778
1.25007 1.08712 1.38854 1.35367 1.98648
1.56115 1.85073 1.67888 1.71529 1.1748
1.31543 1.86757 1.15817 1.52627 1.43812
1.84356 1.95472 1.24751 1.70344 1.21097
1.76274 1.96412 1.50239 1.60337 1.16564
1.7671 1.82236 1.48583 1.48913 1.45299
1.52851 1.58323 1.55888 1.86258 1.80538
1.89351 1.70653 1.70057 1.59551 1.34344
2.07121 1.44512 1.24456 1.65946 1.72711
1.38926 1.53565 1.56777 1.30568 1.90268
1.71059 1.57385 1.92493 1.40562 1.64627
1.64569 1.76306 1.77587 1.64312 1.57481
1.33223 1.81943 1.73216 1.65486 1.51328
1.86593 1.53243 1.54329 1.7127 1.76774
1.88934 1.72511 1.39374 1.50622 1.65793
1.49953 1.27729 1.28553 1.94222 1.88925
1.49585 1.89013 1.18965 1.65798 1.4955
1.72618 1.65508 1.99816 1.46177 1.4329
1.47934 1.62991 1.49012 1.80791 1.36929
1.55687 1.55013 1.32052 1.92198 1.80092
1.62886 1.49738 1.19576 1.59177 1.87024
1.37692 1.48547 1.78178 1.47937 1.74556
1.51039 1.37629 1.74827 1.66881 1.77111
1.18243 0.690439 0.745619 1.38855 1.41043
1.872 1.1663 1.96997 1.47347 1.36866
1.63643 1.90055 1.45361 1.57598 1.67851
2.09365 1.28168 1.7849 1.28079 1.82473
1.28605 1.22856 1.49591 1.56887 1.45278
1.24436 1.13031 1.22833 2.31062 1.3126
1.99578 1.44347 1.69845 1.48359 1.24732
1.76959 1.51722 1.77369 1.28179 1.59832
1.3689 1.58868 1.57914 1.4931 1.74418
1.72833 1.45474 1.56972 1.12076 1.98952
1.60104 1.83218 1.97977 1.49261 1.40111
1.54748 1.76529 1.42988 1.47701 0.894345
1.57647 1.84316 1.28363 1.32637 1.75719
1.66045 1.06514 1.5364 2.00722 1.26987
1.7218 1.58626 1.63109 1.75668 1.64034
1.63486 2.06557 1.55175 1.514 1.61212
1.75311 1.39365 1.38069 2.12888 1.13609
1.60747 1.656 1.37742 1.41414 1.59929
1.57992 1.38351 1.46656 2.0802 1.55849
1.80471 1.95521 1.63394 1.37306 1.70086
1.67154 1.65017 1.16053 1.5407 1.45796
1.73825 1.63997 1.80566 1.5287 1.42778
2.11106 1.76999 2.00592 1.60375 0.95556
1.2527 1.71166 0.779687 1.42734 2.0331
1.70731 1.69444 1.60539 1.57288 1.64514
1.9181 1.33239 1.6239 1.33514 1.68728
1.49558 1.50576 1.79008 1.68945 1.24532
0.983326 1.4364 1.1511 2.42779 1.47202
1.47956 1.74086 1.77838 1.44719 1.49055
1.5878 1.33227 1.77201 1.91361 1.32775
1.53839 1.32402 1.80305 1.87541 1.76192
2.14905 1.89201 1.66654 1.03262 1.73025
1.57051 1.17418 1.87963 1.352 1.34464
1.63118 1.8363 1.2759 1.35223 1.90274
1.33576 1.32572 1.11405 1.30933 1.06571
0.998192 1.5902 0.944994 0.907178 1.1491
1.22776 1.53323 1.74311 1.65822 1.53763
1.12661 1.78053 1.75594 0.942384 1.7398
2.01371 1.14382 0.945548 1.7317 1.47023
1.41529 1.74329 1.81469 1.2734 1.13424
1.73165 1.31654 1.13516 2.13593 1.47611
1.37518 1.89177 1.62591 1.46046 1.47605
1.94325 1.46689 1.82804 1.1833 1.54691
1.90714 1.3357 1.36436 1.66741 1.65083
1.51468 1.30869 1.93892 1.62137 1.05344
1.75922 1.67644 1.49686 1.38521 1.54355
1.6167 1.83062 1.33999 1.88277 1.50016
0.658435 1.22484 1.12235 1.51965 1.12277
1.63503 1.83081 0.868993 1.46679 1.44354
1.26354 1.12595 1.45288 1.06218 1.88533
1.87047 1.8103 1.50137 1.78351 1.35429
1.06598 1.94527 1.69306 1.21383 1.05397
1.93217 1.30451 1.62571 1.05854 1.61393
1.77815 1.52943 1.95121 1.07449 1.74247
1.04938 1.60173 1.67187 1.4465 2.06611
2.2826 1.71016 0.816357 1.56437 1.55281
1.827 0.937042 1.67565 1.47238 1.63133
1.53802 1.58271 2.09977 1.5331 1.77908
1.75214 1.65049 1.65646 1.4199 1.97741
1.92598 1.25174 1.8357 1.7128 1.92745
1.17051 1.60556 1.44273 1.73284 1.24535
1.68325 1.52331 1.63377 1.3375 1.58376
2.01875 1.1979 1.73813 0.764444 1.25382
1.2982 1.48346 0.77877 1.53114 2.08472
1.42878 2.31646 1.53004 1.57151 1.79535
1.83812 1.48178 1.59656 1.31859 1.79157
1.59313 1.557 1.35945 1.74794 1.45227
1.73442 1.48321 1.61296 1.41641 1.42796
1.78842 1.63002 1.78665 1.26154 1.42914
1.51082 1.59006 1.85768 1.79539 1.6858
1.68255 2.08299 1.14879 1.06134 1.93839
1.60855 1.85509 1.30305 1.71614 1.87069
1.87671 1.78075 1.4926 1.3444 1.48918
1.94092 0.966881 1.09083 1.77857 1.72119
1.976 1.44303 1.55062 1.25907 1.20362
1.3922 1.43381 1.81235 0.933902 1.34477
1.11573 1.47897 1.9321 1.54872 1.78389
1.39268 1.58565 1.59647 1.72337 1.52974
1.76661 1.54744 1.72137 1.39787 1.36064
1.13071 1.64239 0.927654 1.57698 1.39085
1.50034 1.85762 1.70981 1.33835 1.58047
1.59575 1.42975 1.91354 1.61186 1.72743
1.43279 1.69153 1.69604 1.67811 1.5215
1.79268 1.7898 1.51181 1.14912 1.49436
1.69835 1.64586 1.53406 1.49341 1.46403
1.6124 1.83546 1.27293 1.69084 1.63377
1.54788 1.62991 1.80563 1.4923 1.78487
1.77472 1.52457 1.60534 1.58919 1.51522
1.8287 1.35058 1.38228 1.61972 1.5904
1.58402 2.03473 1.51857 1.23859 1.44285
1.44333 1.73925 1.51842 1.33678 1.90388
1.76361 1.60282 1.65959 1.65334 1.68489
1.44118 1.8501 1.69954 1.26767 1.75793
1.98788 1.22347 1.71058 1.02773 2.09649
1.76432 1.56076 1.75902 1.44386 1.61234
1.15862 1.13117 1.64087 1.28311 2.12041
0.963186 2.23591 1.78339 1.26133 1.05178
1.76229 1.32171 2.17054 1.79763 1.51774
1.72335 1.89404 1.37018 1.4068 1.40123
1.46303 1.76179 1.64375 1.41906 1.20316
2.14188 1.63907 1.2911 1.67112 1.1163
1.95118 1.32394 1.98326 1.57223 1.6588
0.829681 1.47315 1.12898 1.11223 1.59613
1.88408 1.63592 1.3936 1.06237 1.55434
1.13483 1.50517 1.46484 1.74181 1.72771
1.47995 1.60053 1.93112 1.60168 1.49045
1.02594 1.886 1.31765 1.49274 1.80217
1.75852 1.97112 1.36423 1.38103 1.66166
1.42547 1.40879 1.8377 1.54472 1.83663
1.78749 1.65735 1.59101 1.74101 1.71099
1.75753 1.26908 1.52255 1.31046 1.80971
1.71228 1.52076 1.9576 1.80529 1.47303
1.58415 1.57327 1.91972 1.2014 1.60098
1.93136 1.73929 1.46942 1.36863 1.97298
2.0357 1.55108 1.53376 1.55967 1.37501
1.76863 1.52132 1.86114 1.5751 1.07744
2.18855 1.13512 1.47234 1.6207 1.88093
1.87092 1.16296 1.56965 1.80636 1.44676
1.72795 1.50965 1.76854 1.5601 1.59441
1.58409 1.14761 1.62762 1.84452 0.903498
1.34623 2.13841 1.28796 1.26327 1.28766
0.931425 1.80688 2.30749 1.12846 1.15942
1.96863 1.01511 1.12108 1.85801 1.37309
1.67482 1.67197 1.41048 1.89979 1.93995
1.72634 1.0973 1.21926 1.95836 0.961363
1.65719 1.14746 1.23216 1.43189 1.65148
1.51598 1.55996 1.2951 1.85435 1.95483
1.31449 1.72184 1.67213 1.88085 1.50757
1.21405 1.4597 1.66967 1.8716 1.9718
1.45708 1.58191 1.41103 1.80535 1.74499
1.6153 1.44217 1.58992 2.1747 1.54615
1.58692 1.88209 1.48664 1.61196 1.72113
1.597 1.90521 1.70752 1.53457 1.43574
1.85771 1.2802 1.48374 1.87947 1.15582
0.749186 1.69028 1.84116 1.5162 1.51276
1.14715 0.821168 1.8817 1.35727 0.886301
1.65181 1.51212 1.62997 1.57826 1.82978
1.37756 1.66382 0.97611 1.5814 1.71433
1.22924 2.01871 1.56577 1.38108 2.15891
1.53801 1.30567 1.52833 1.41462 2.20363
1.35646 1.36038 1.75027 1.52421 1.83301
1.89203 1.65772 1.24065 1.67758 1.65393
1.56103 1.26318 1.94965 2.05198 1.35897
1.65084 1.6644 1.73292 1.63798 1.34808
2.24519 1.20222 1.38465 1.46331 1.67017
1.23468 1.56934 1.76335 1.62702 2.15029
0.726004 1.49483 1.4706 1.00902 1.46636
1.22123 1.82257 1.26704 1.75532 1.7345
1.2238 1.64904 1.72678 1.72578 1.47891
1.56955 1.39458 1.62185 1.74432 1.8958
1.63909 1.82548 1.79158 1.6043 1.2752
1.56734 1.93001 1.30588 1.54658 1.74345
1.81623 1.96899 1.72439 1.71499 1.4108
1.21202 1.74589 1.52204 1.41223 1.24622
1.81237 1.55337 1.64895 1.97002 1.05557
1.54268 1.48617 1.57744 1.65793 1.69521
1.88407 1.54892 1.59246 1.50559 1.37398
0.835803 1.30055 1.7515 1.80278 1.29134
2.09911 1.45926 1.67614 1.77269 1.02748
1.59904 1.45856 1.651 1.71489 1.56292
1.16549 1.87976 1.55474 1.41854 1.42367
1.76875 1.35916 1.64929 1.8083 1.21145
1.73209 1.71842 1.90598 1.48799 1.78148
1.47831 1.66917 1.79869 1.75308 1.65032
2.05 1.37798 1.43656 1.76275 1.87106
1.68207 1.35964 1.52261 1.83857 1.79835
1.43374 1.60854 1.61555 1.44528 1.66847
2.1364 1.69329 1.60573 1.55309 0.79565
1.81715 1.63933 1.71785 2.10551 1.1706
1.74958 2.07253 1.65571 1.63575 1.24298
1.45595 0.879246 1.98784 1.51257 2.03273
1.84534 1.70913 1.74018 1.04137 1.69413
1.85898 1.80439 1.07948 1.84844 1.38062
1.7415 1.05331 1.36671 1.85727 1.3946
1.19247 1.65019 1.35374 1.3494 1.26574
1.84305 1.47647 1.33895 2.14296 0.999591
1.35232 1.74386 1.70974 1.7393 1.79798
1.2047 1.68957 2.13933 1.35868 1.94304
1.77281 1.45782 1.84078 1.21058 1.86667
1.68523 1.85795 1.52012 2.15071 1.16977
1.63908 2.13655 1.42033 1.52585 1.78351
1.13184 1.49623 1.86353 1.50661 2.10733
1.54952 1.84325 1.36356 1.367 1.73023
1.81817 1.654 1.68817 1.47929 1.32871
1.71075 1.87071 1.50251 1.2586 1.88908
1.9958 1.28874 1.50998 1.21453 1.28293
1.42691 1.73751 1.41304 1.23147 1.80845
1.44245 1.65793 1.27422 1.23779 1.78127
1.58675 2.02293 1.19537 1.65442 1.0952
1.43257 0.616692 1.6725 1.67954 2.0304
1.20303 1.76215 1.63083 1.7899 1.56489
1.75942 1.82921 1.47668 2.00069 1.31171
0.936701 1.28115 2.06035 2.04641 2.02179
1.15716 1.70973 1.47536 1.1679 1.67249
1.63996 1.88075 1.63873 1.38083 1.28668
1.86194 1.52059 1.61574 1.74641 1.83859
1.60804 0.846032 1.45387 1.24423 1.38238
1.1168 1.25778 2.27339 1.48809 1.53905
1.47778 1.6614 1.8937 1.41955 1.42635
1.71956 1.57783 2.04547 1.74788 1.44079
2.23131 1.75353 1.86056 1.37946 1.49292
0.983802 1.61072 1.68905 1.20971 1.73466
1.44127 1.21877 1.3098 1.94052 1.99122
1.59427 1.57213 1.40009 1.70032 1.42475
1.42056 1.71473 2.11927 1.90728 1.0976
1.58286 1.65695 1.47911 1.97415 1.80508
1.55613 2.05018 1.61714 1.70908 1.23556
1.57259 1.74456 1.56773 1.30977 1.39868
1.47193 1.73916 1.35492 1.38044 1.82303
1.20746 1.81546 1.72622 1.61914 1.71673
1.7053 1.09116 1.40675 1.68475 1.92526
1.66275 1.37178 1.43758 1.74266 1.53661
2.16034 1.34742 1.12473 1.39777 0.962024
1.15682 1.70359 1.16999 1.54023 1.67871
1.96135 1.49315 1.41534 1.10344 1.61711
1.25369 1.61643 1.18866 1.18491 1.81825
1.42201 1.51732 1.13636 1.69164 1.47165
1.3139 1.81962 1.34878 1.93497 1.38766
0.808606 1.56351 1.59162 1.26695 1.03084
1.33896 1.57035 1.81192 1.79513 1.98821
1.21009 2.03507 1.84853 1.53389 1.52589
1.57862 1.42249 1.14529 1.6974 1.77917
1.79876 1.95018 1.22167 1.42383 1.31425
1.59014 1.70414 1.64119 1.60652 1.44981
1.40024 1.85433 1.41583 1.77611 1.72355
1.48083 1.94152 1.32166 1.64619 1.382
1.77205 1.87128 1.23967 1.09174 1.92373
1.73998 1.40845 1.52909 1.07203 1.94015
1.76491 1.34115 1.71037 1.59908 1.61619
1.29138 1.63457 1.55994 1.8645 1.20036
1.03348 1.90224 1.55848 1.2166 2.04593
1.32111 1.58031 1.67202 1.5073 1.56477
1.65591 1.4972 1.4195 1.77671 1.47304
1.6023 1.60374 1.48634 1.55213 2.00236
1.5051 1.9396 1.16332 1.51744 1.57947
1.51651 1.53887 1.30395 1.87631 1.59962
1.8352 1.58459 1.98393 1.52584 1.55789
1.75517 1.43349 1.9132 1.55891 1.59642
1.63343 2.09035 1.60306 1.74108 1.67506
1.58118 1.67725 1.78155 1.90161 1.89119
1.24483 1.41201 1.74789 1.32458 1.95982
1.79048 1.33726 1.46831 1.9036 1.24616
1.82103 1.61395 1.63682 1.66256 1.80003
1.72054 1.19241 1.34088 1.92387 2.16144
1.35208 1.06686 1.66163 1.71223 2.13789
1.62086 1.89134 1.12428 1.38189 1.68667
1.81205 1.31784 1.28457 2.17772 1.76792
2.05421 1.38596 1.31034 1.03386 1.46377
1.27988 1.70975 1.71809 1.7828 1.57265
1.91596 1.40319 1.27042 1.5429 1.60631
1.07562 2.26435 1.26761 1.81939 1.49642
1.46113 1.49446 1.09257 1.34243 1.47335
1.34521 1.54453 1.29004 1.7548 1.85669
1.89493 1.39846 1.69837 1.63076 1.65318
1.82894 1.39596 1.54385 1.52017 1.56463
1.12541 1.29369 1.95939 1.56407 1.56041
1.42652 1.94987 1.32394 1.55488 1.30181
1.15703 2.06538 1.2817 2.13212 0.776203
1.43711 1.55891 1.4247 1.35208 2.0068
1.38977 1.63811 1.95365 1.79835 0.878873
1.70769 1.73921 1.61456 1.55866 1.72135
1.77822 1.76069 1.50299 1.51318 1.67635
1.6765 1.90062 1.71311 1.52728 1.41341
1.03038 1.44606 1.69755 1.5942 1.51385
1.87595 1.2878 1.79399 1.474 1.65261
1.11328 1.58353 1.38791 1.57744 2.00557
1.45271 1.02008 1.68747 1.0769 1.49714
1.11124 0.982521 1.71387 1.52124 1.59227
1.74473 1.64495 1.89525 1.32688 1.8054
1.30147 1.35987 0.881727 1.56916 1.14921
1.83943 1.61395 1.45298 1.50022 1.75795
1.63421 1.90107 1.98227 1.57178 1.37469
1.27891 1.16723 1.76543 1.91086 1.44741
1.48725 1.5256 1.81225 1.18567 1.06884
1.75461 1.34538 1.4743 2.00427 1.79309
1.17968 1.06511 1.57496 2.25627 1.57212
1.76564 1.69461 1.55087 1.68804 1.72535
1.5829 1.54521 1.4392 1.99494 1.66419
1.63295 0.963459 1.71283 1.62772 1.9875
1.7152 1.30888 1.64435 1.43386 1.81917
0.873406 1.63665 1.46501 1.81384 1.69855
1.60535 1.59867 1.75223 1.49798 1.77948
1.39344 1.29263 1.34993 2.23434 1.70404
1.48087 1.62938 1.43352 1.7389 1.67467
1.75102 1.82891 1.19762 1.04425 1.95636
1.26966 1.2983 1.50145 1.77956 1.94279
1.46501 1.7765 1.94873 1.61686 1.24675
1.58244 1.15764 1.31987 2.01273 1.94024
1.27031 0.720681 1.65861 1.07241 1.43386
1.59184 1.28481 1.74025 1.56859 1.69679
1.83579 1.68677 1.26043 1.93054 1.47506
1.89706 2.07073 1.676 1.22473 1.69732
1.08018 2.24562 1.29169 1.06344 1.58994
1.47033 1.66444 1.79354 2.01875 1.43038
2.17154 1.10026 1.14933 1.76475 2.07228
1.60455 1.57386 1.80684 1.74473 1.68625
1.41152 2.06728 1.58722 1.22587 1.3526
1.86882 1.30215 1.60385 1.02476 2.05955
1.36241 1.5178 1.20427 2.67158 1.55833
1.02301 1.62746 1.40638 1.86841 1.75221
2.16163 1.55427 1.8264 1.77508 1.02979
1.48208 1.41899 1.27597 1.01546 1.62695
1.51152 1.89535 1.35014 0.788049 1.44339
1.60196 1.72007 1.08607 2.01295 1.24856
1.12157 1.00946 1.84562 1.41709 1.41037
1.55785 1.24596 1.84038 1.57884 1.65886
1.74918 1.15102 1.74397 1.30801 1.23446
1.70075 1.82941 1.36818 1.65766 1.72805
1.33117 1.44948 1.43152 1.40773 1.29964
0.919946 1.77634 0.825219 1.47247 1.23665
1.57527 1.51315 1.33736 1.7503 1.83528
1.62668 2.06186 1.10255 0.82519 1.55359
1.59763 1.41921 1.35829 1.80711 1.79621
1.88397 1.38033 1.68913 1.85758 1.30286
1.93748 1.93041 1.6198 1.76583 1.58214
1.01866 1.76457 1.43345 1.11556 1.60347
1.96975 1.55231 1.43027 1.27927 1.78507
0.785456 1.53812 1.3622 1.58086 1.35621
1.78292 1.5864 1.5644 1.84201 1.68963
1.15898 2.01784 1.19214 1.61412 1.13147
1.72914 0.727481 0.590425 2.10212 1.60586
1.51339 1.75769 1.63541 1.05301 1.79866
1.96188 1.56907 1.46358 1.83555 1.61865
1.49669 1.16488 1.86697 1.89564 1.63947
1.37868 1.19849 1.13714 1.47433 1.61836
1.48142 1.66314 1.84355 1.47435 1.27023
1.6333 1.87859 1.082 1.58031 1.72041
1.70019 1.70663 1.10673 1.41431 1.64548
1.2832 1.52479 1.47057 1.94614 1.22406
1.38988 2.0706 1.5572 1.6552 1.48053
1.61589 1.77978 1.34146 1.7799 0.919439
1.45836 1.53535 1.62386 2.31044 1.15537
1.03347 1.88606 0.940231 2.32558 1.09647
2.01263 1.62593 1.16729 1.76071 1.80541
1.57694 1.68265 1.68347 1.59968 2.10352
1.49969 1.74264 1.25837 1.80954 0.944583
2.19706 2.05734 1.46702 1.61603 1.47399
1.97237 1.71293 0.39646 1.25807 1.69383
2.04902 1.60758 1.50016 1.10842 1.6936
2.04233 1.8406 1.41534 1.69677 1.32253
1.64078 1.59876 1.31454 1.74455 1.65988
1.50648 1.4711 1.58591 1.47875 1.5634
1.8857 1.66037 1.08884 1.36788 1.98271
1.91839 1.68672 1.43239 1.14003 1.08705
1.26556 1.40731 1.94425 2.06833 1.0265
1.30036 1.08381 1.27201 1.06709 1.89274
1.67623 1.16782 1.48198 1.93531 1.25908
1.83631 1.69169 1.63217 0.464419 1.12777
0.857751 1.77754 1.27253 1.5594 1.40284
1.90301 1.64625 1.30207 1.65564 1.5142
1.198 1.7025 1.79145 1.2836 2.23037
1.60997 1.46175 1.45591 1.76201 1.69172
1.44473 1.68287 2.05539 1.56297 1.70715
1.50866 1.66797 1.66671 1.92812 1.73904
1.79507 1.81777 1.41078 1.48116 1.85326
1.77465 1.57331 1.8701 1.75253 1.30147
1.49764 1.54465 1.63645 1.54457 1.36779
1.54071 1.72065 1.5444 1.9005 1.73564
1.31659 1.88907 1.76262 1.93662 1.12193
0.578629 1.03538 0.912479 0.80442 1.38748
1.35795 0.920285 1.51147 1.44571 1.20599
1.29933 1.60566 1.49161 2.04065 0.985996
1.48046 1.53677 1.72283 1.52731 1.7692
1.76042 1.5037 1.69416 1.4984 1.54252
1.52724 1.69552 1.65538 1.60234 1.64554
1.62961 1.23282 1.56693 1.42592 1.7324
1.27034 1.1571 1.46682 1.78893 1.79942
1.45518 1.54479 1.62315 1.99416 2.12637
1.5199 1.60181 1.84524 1.44475 1.66159
1.53388 1.66106 1.97067 1.49878 1.75877
1.57796 1.07812 1.92326 1.72708 1.53363
1.42151 1.14136 1.6995 1.85308 1.45731
2.01357 1.45178 1.58887 1.23113 1.59438
1.18284 1.37344 1.99297 0.861933 1.72758
1.41925 1.54489 1.67388 1.90087 1.06507
1.62412 1.86574 1.75829 1.71877 1.11758
1.61455 1.6282 1.7158 1.6056 1.43978
1.89439 1.04065 1.31983 1.86222 1.02813
0.601645 1.67139 1.80745 1.39803 1.44109
0.987043 1.8601 0.832252 1.76012 1.62997
1.66311 1.83532 1.42038 1.94334 1.44922
2.12792 1.39225 0.74184 1.22754 1.82386
1.28959 1.66954 1.75138 1.37636 1.81901
1.54536 1.66546 1.6773 1.48983 1.66633
1.19946 1.36463 1.72998 1.30769 1.43619
0.911668 1.39693 1.93701 1.49586 1.69058
1.90216 1.41681 1.73555 1.58624 1.50942
1.77785 1.65924 2.16924 1.20087 1.64016
1.37019 1.14702 2.31335 1.06105 1.10063
1.53239 1.21817 1.16196 1.86114 1.853
1.67726 1.46532 1.31277 1.45812 1.74237
1.58497 1.03083 1.90331 1.54396 1.36692
1.69228 1.71087 1.35363 1.72225 2.1719
1.16158 1.84999 1.51689 1.88107 1.64115
1.40667 1.86636 1.60464 1.70261 1.60513
1.39593 1.87245 1.54038 1.35855 1.79861
0.824932 1.98922 1.97381 1.09933 1.14736
1.54642 1.54545 2.02339 1.15286 1.23247
1.4151 1.52861 1.36004 1.96902 2.09509
1.73167 1.3052 1.18223 1.1655 1.91644
1.845 1.75661 1.943 1.49679 1.14515
1.52622 1.41249 1.92271 1.17495 1.88852
1.8323 1.82498 1.40577 2.02235 1.53997
1.66795 1.61153 1.35547 1.84954 1.49497
2.09134 1.08459 1.54328 1.80783 1.16732
1.7318 0.985109 1.73934 1.61632 1.83245
1.70923 1.99032 1.52656 0.89235 1.54952
1.66197 1.28012 2.0265 1.78538 1.37944
1.11586 2.07613 1.30941 1.41506 2.1176
1.76751 1.73541 1.73898 1.56418 1.47566
1.72436 1.63621 1.95084 1.31529 1.09401
1.3751 2.0683 1.55876 2.08167 1.44066
1.65313 1.9768 1.2267 1.46358 1.73112
1.49365 1.4909 2.15309 1.05546 1.67723
1.42736 1.39768 1.19892 1.97354 1.84131
1.27646 2.04552 1.30577 1.57614 1.99592
1.96613 1.39817 1.4716 1.1036 1.85287
1.97588 1.36132 1.69404 1.37929 1.64652
1.71698 1.6019 1.31621 1.29964 2.00107
1.52549 1.22861 1.54096 1.58565 1.66094
1.89743 1.38527 1.54481 1.52704 1.84832
1.2455 1.62433 1.93002 1.58793 1.77263
1.09386 1.85628 1.74622 1.84807 1.8361
1.43693 1.37096 1.45897 1.66653 1.37579
1.5164 0.803129 1.67582 1.56548 2.08351
1.87581 1.35719 1.63282 1.94088 1.66577
1.58098 1.57504 1.83955 1.86473 1.52701
1.75968 1.60479 1.55779 1.43399 2.11777
0.813867 1.08471 1.69779 0.893049 1.40253
1.42155 1.31012 1.94224 1.54982 1.75438
1.5267 1.55703 1.70928 1.81212 1.56465
1.04079 1.62008 1.07899 1.00124 0.911337
1.50199 1.35782 1.40645 1.76611 1.97907
1.1524 1.99579 1.77761 1.07079 0.689415
1.91706 1.43595 1.01026 2.18218 1.63478
1.93567 1.37402 1.62365 1.32233 1.664
1.40638 1.29624 1.62585 1.486 1.7074
1.76639 1.69135 1.43112 0.980554 1.75448
2.00264 1.2743 1.49164 1.68352 1.52114
1.51291 1.86269 1.27482 1.73968 1.76887
1.84729 1.4678 1.19203 1.81837 1.6987
1.48675 1.54293 1.5803 1.72914 2.20567
1.00597 1.33065 1.66447 1.63839 1.53579
1.6013 1.4989 2.13388 1.41212 1.69812
1.49383 1.65275 1.89146 1.6277 1.27959
1.85699 1.73445 1.78775 1.37863 1.87273
0.517202 2.2244 1.00614 1.16802 1.17872
2.03988 1.32197 2.15383 1.67607 1.71585
1.6672 1.43075 2.17511 1.3144 1.71385
1.31493 1.33594 1.908 1.61564 1.86174
2.22297 1.11143 1.04206 1.43233 1.91751
1.70616 1.88712 1.32526 1.51674 1.26753
1.78311 1.03576 1.64595 2.17938 0.923608
2.00589 1.73046 1.58935 1.54327 1.74454
1.33448 1.07816 2.07076 1.11869 1.4467
1.39463 1.84177 1.8024 1.47728 1.72119
1.60358 1.54245 1.46465 1.52489 2.0109
1.45091 1.64841 1.44812 2.06481 1.73968
1.79236 0.876152 1.82551 1.27596 2.03555
1.9687 1.93246 1.82422 1.82107 1.52839
1.87087 1.76819 1.51458 1.68293 1.44123
1.88907 1.94172 1.6705 1.34889 1.45916
1.31342 1.87486 1.74704 1.61679 1.55391
2.11729 1.32564 1.38296 1.67276 1.53415
1.65379 2.0436 0.98215 1.18798 1.6859
1.48505 1.363 1.62801 1.44635 2.15731
1.62848 1.7279 1.37392 1.26568 1.67561
1.67187 1.53669 1.98099 1.35226 2.217
1.92227 1.86096 1.53374 1.17225 1.81702
1.65774 2.02806 1.86741 1.72381 0.935081
1.13821 1.37699 1.52633 1.84874 2.00597
1.51677 1.43771 1.4463 1.34264 1.68398
1.55117 1.47479 2.04987 1.77968 1.65031
1.57444 1.55496 2.04282 1.53009 1.77399
1.40237 1.53694 2.04199 1.81411 1.59707
1.66016 1.30039 1.7385 1.85503 1.50242
1.55049 1.36463 1.45313 1.92452 1.49097
1.29729 2.02188 0.990872 1.18478 0.993203
1.80245 0.77802 1.42107 1.69015 1.51327
1.77283 1.96811 1.5004 1.67956 1.60127
1.7646 1.69284 1.90613 1.63728 1.76347
1.30189 1.49628 1.85987 1.4635 1.62391
1.34262 1.59222 1.41905 0.86899 1.68221
1.76432 1.48823 1.71069 1.85361 1.75558
1.28033 1.9375 1.84027 0.990435 1.36019
1.36156 1.60602 1.64275 1.36449 1.32328
2.05052 1.66595 1.44728 1.68991 1.57486
1.15409 1.75021 1.51778 1.4316 2.08135
1.89056 1.34741 1.62972 0.962522 2.0143
1.57572 1.3572 1.44771 1.45144 1.58798
1.35765 1.78128 1.6206 1.43454 1.57723
1.52457 1.9973 1.52711 2.0934 1.36486
2.05153 1.56504 1.69898 1.20259 1.45674
1.64924 1.74231 1.79271 1.09368 0.673326
1.8667 1.13801 2.01535 1.31169 1.39581
1.26321 1.64476 1.90918 1.24842 1.62977
1.86407 1.37216 1.00234 1.11006 1.89284
1.49632 1.7107 1.51823 1.4541 1.75968
1.80385 1.44966 1.95874 1.36228 1.51422
1.42674 1.82882 1.6785 1.44987 1.38761
1.64348 1.66787 1.73644 1.62115 1.78553
1.69543 1.5724 1.18 1.74216 1.67365
1.5374 1.48806 1.58117 1.5816 1.60467
1.90467 1.75411 1.34688 1.3903 1.57001
1.34287 2.02525 1.87152 1.39224 1.66074
1.22228 1.71864 2.03263 1.82475 1.07397
1.40364 1.52812 1.79401 1.79038 2.08621
1.67646 1.24137 1.98064 1.75976 1.40394
1.57071 1.89259 1.0356 1.96908 1.65193
1.01714 1.7105 1.63413 0.953892 1.91761
2.07981 1.34449 1.71017 1.41207 1.90674
1.32707 1.65995 1.14264 1.01704 1.56603
1.42088 2.06752 1.98285 1.20478 1.41322
1.55414 1.02284 1.45097 1.84151 1.37071
1.80088 1.17744 1.58259 1.76495 1.94905
1.51436 1.77692 1.43892 1.65496 1.52325
1.22414 1.63523 1.64048 2.06575 1.17808
1.54557 1.51485 1.30054 1.63253 1.66227
1.67123 1.14435 1.51988 1.84224 1.57087
1.56629 1.55779 1.56658 1.74288 1.49076
1.90744 1.30105 1.51542 1.69315 1.6782
1.17453 2.2752 1.16606 1.05869 2.19829
1.5952 1.9044 1.50437 1.02566 1.52752
2.08496 1.76537 1.43177 1.20932 1.4404
1.50997 1.42453 1.47341 1.91488 1.81377
1.38472 1.39016 1.42662 1.27584 1.63569
2.0615 1.19108 1.28987 1.48747 1.19147
1.41026 1.33997 1.46329 1.58225 2.18369
1.66632 1.70859 1.03922 2.17979 0.580114
1.08715 1.36559 1.63517 1.91775 1.31211
1.69897 1.57262 1.76643 1.55409 1.49388
1.78851 1.43466 1.49087 1.52922 1.64066
1.5319 1.51001 1.4624 1.36493 1.85553
1.44616 1.56613 1.93385 1.46279 1.67984
1.27305 1.83156 1.54156 1.84672 1.76195
1.29384 1.23792 1.12205 1.43771 1.76066
1.50786 1.55055 1.67845 1.09165 1.94259
1.78484 1.8547 1.18224 1.14807 0.704817
1.33706 1.44219 1.84544 1.37466 1.85297
1.73693 1.30933 1.50751 1.52838 1.87105
0.99716 1.49004 1.85462 1.70765 1.77876
1.59729 1.94984 1.67639 1.48276 1.35653
1.57023 1.73009 2.05886 1.22227 2.00391
1.51217 1.39782 1.5748 2.04108 0.805356
1.42904 1.32266 1.44423 0.916758 2.1893
1.29887 1.76427 1.8811 1.74606 1.59005
1.59529 1.46855 1.52256 1.66619 1.65613
1.45847 1.73481 1.53117 1.41611 1.81283
1.50785 1.61171 1.53556 1.88465 1.83912
1.23386 1.1098 1.5717 1.80254 1.49674
1.25608 1.78988 2.0259 1.2931 1.49254
1.68207 1.60782 1.52152 1.59571 1.32737
1.56865 1.60811 1.81521 1.25539 1.46761
1.43607 1.47472 1.70947 1.0669 1.49981
1.06159 1.55818 1.26623 1.39009 1.47088
0.576959 0.833739 1.34122 1.50054 0.524914
1.83053 1.45773 1.2799 1.65824 2.00806
1.70537 1.27026 1.90564 1.82661 1.40803
1.87082 1.60568 1.78247 1.78389 1.53138
1.44509 1.09362 1.86451 1.4868 1.78822
1.87607 1.08863 1.62722 1.41928 2.11966
1.1171 1.67651 1.86952 1.48445 0.987507
1.36515 1.44199 1.72299 1.51417 1.72418
1.39997 1.84395 1.34889 1.67155 1.76437
1.99165 1.26916 1.19951 1.54577 1.41955
1.80512 1.43504 1.75098 1.72082 1.19541
1.60723 1.17511 1.76946 1.11188 1.74016
1.51433 1.23871 1.43837 2.00781 1.73102
1.6411 1.30571 1.87333 1.30649 0.899577
1.33545 1.29939 1.50984 1.72766 1.38199
1.35425 1.38415 1.93248 1.58005 1.78852
0.938481 1.49627 1.69373 1.75177 1.72382
1.31409 1.44503 1.39198 1.8399 1.8298
1.81844 1.43007 1.7248 1.59077 1.4312
1.53272 1.63623 1.79453 1.65244 1.67539
1.18582 1.41929 1.61893 1.66717 0.959286
1.79793 1.32483 1.78791 0.835913 1.13765
1.67786 1.00859 1.80564 1.56772 1.38983
1.63558 1.66195 1.76677 1.41307 1.23494
1.36896 1.37777 1.7884 1.50194 2.20519
1.20627 1.94118 1.1955 1.92864 1.1068
1.87473 1.4768 1.86787 1.79392 1.53803
1.97194 1.32183 1.37759 1.68152 1.83472
1.31531 1.96627 1.49185 1.08572 1.60234
2.00507 1.47337 1.5908 1.44571 1.89529
1.12057 1.86381 1.34497 2.07235 1.39919
1.92823 1.70572 1.62776 1.67773 1.65294
1.49693 1.59525 1.62213 1.16935 1.75885
0.858074 1.74405 1.68123 1.42079 1.96131
1.2323 2.19492 1.43173 1.57753 1.32899
1.60818 1.44522 1.64721 1.37245 1.82354
1.87669 1.61618 1.58973 1.5279 1.65895
1.38044 1.30074 1.81343 1.76965 1.59277
1.40626 1.36745 1.97277 1.53478 1.16937
1.62856 1.50623 1.39935 1.88344 1.45152
1.32838 1.80607 2.23125 1.20995 1.43634
1.28965 1.63679 1.34774 1.13472 2.2427
1.78707 1.55164 1.37721 1.94773 1.76819
1.20429 2.19506 2.04053 1.34506 1.34448
1.72283 1.29638 1.57389 1.65317 1.55668
1.99408 1.53589 1.87996 1.80144 1.21574
1.45146 1.7843 1.89646 1.19666 1.55136
1.67597 1.77719 1.44482 1.46728 1.55574
1.66569 1.85892 1.51288 1.66786 1.38812
0.816297 0.786408 1.19285 2.24764 0.85718
1.85259 1.41549 1.58719 0.451842 2.1993
1.27046 1.39893 1.48843 2.236 1.68255
1.71643 1.62055 1.92507 1.79014 1.70634
1.58408 1.93725 1.64094 1.43497 1.37344
1.54613 1.92897 1.69599 1.53831 1.69045
1.53327 1.63391 1.70216 1.30107 1.80487
1.9062 1.59036 0.933138 1.44578 1.7516
1.44601 1.89203 1.27756 1.0923 2.26544
1.11479 0.818266 2.0919 1.61835 1.80248
1.75471 2.17556 1.19201 1.29868 2.04275
1.54563 1.48947 1.76373 1.28683 1.6479
1.91002 1.36423 1.27487 1.51131 2.10197
1.58004 1.4537 1.71805 1.46018 1.36067
1.55329 1.88921 1.41614 1.5973 1.68009
1.80452 1.76158 1.74994 1.42393 1.86686
1.51823 1.22071 1.57126 2.08126 1.65484
1.73041 1.60903 1.55989 1.19918 1.92618
1.9019 1.42573 1.61334 2.19281 1.46466
1.79941 2.17539 1.43942 1.39907 1.59766
1.72904 1.74822 1.71401 1.62535 1.6966
1.56745 1.83849 1.49431 1.88875 1.5443
1.26474 1.50856 1.40263 1.35539 1.99495
1.85435 1.32319 1.71898 1.02218 1.94026
1.42409 1.93485 1.57243 1.55215 1.13243
1.67885 1.7239 1.32703 1.53484 1.77028
2.08734 1.08878 1.66949 1.01902 1.89401
1.33303 1.05117 1.88769 1.88158 1.86487
1.38366 1.11005 1.61098 1.32914 2.09042
1.56911 1.73817 1.72143 1.1929 1.46016
1.86809 1.43784 1.21766 1.1889 1.46109
1.9343 1.62386 1.85314 1.37988 0.962283
1.76309 1.46226 1.7054 1.1338 1.48516
2.11821 1.20749 2.16052 1.71494 1.21116
1.34456 1.66641 1.81108 1.45063 0.885075
1.73613 1.06976 1.50319 1.87342 1.26165
1.52973 1.59818 1.99682 1.80912 1.43152
1.46473 1.61765 1.83642 1.65031 1.43309
1.82022 1.14032 1.23395 1.94885 1.74068
1.57295 1.47673 1.34459 1.9171 1.79941
1.36663 1.65135 1.82273 1.27909 1.76145
1.0937 1.86924 1.61498 1.91078 0.843885
0.755638 0.90082 2.31358 1.50426 1.58921
0.786846 1.57386 1.88043 0.683152 1.45307
1.51232 1.31126 1.87773 1.613 1.46249
1.67275 1.77704 1.74519 1.70945 0.79616
1.68949 1.55332 1.11999 1.88089 1.1032
1.54979 1.42721 1.64633 1.62891 0.933848
2.0766 1.8079 0.988534 1.92462 1.69109
1.80981 1.53525 1.66258 1.42523 1.65132
1.52945 1.15212 1.48155 1.61057 1.59878
1.46259 1.1074 1.56425 2.10163 1.66138
1.79903 1.83629 1.0905 1.64377 0.933518
1.44735 1.276 1.60166 1.52968 2.09266
1.66969 1.25347 0.929794 1.08686 1.20552
2.13988 1.27554 1.10945 1.7828 1.19624
1.84093 1.73294 1.87829 0.883587 1.87467
1.08216 1.76387 1.47236 1.77785 1.88832
1.14751 1.74671 1.4599 1.44389 1.61889
1.26799 0.915824 1.48063 0.608032 0.854894
1.3601 1.59998 1.29831 1.27607 1.33155
1.66677 1.81844 1.38835 1.7764 1.00892
1.51869 1.31106 1.50093 1.49761 2.00223
0.723757 1.42788 1.08128 1.32355 1.22694
2.00932 1.66765 1.52482 1.3291 1.27491
1.36944 1.57051 1.98989 1.59164 1.1415
1.54406 1.20658 1.55979 1.69789 1.21578
1.67151 1.51305 2.06808 1.51748 1.36104
1.43578 1.46699 1.93247 1.96894 1.43249
1.69102 1.57125 1.72938 0.886891 1.04461
1.49763 1.91879 1.22783 1.61519 1.40802
1.50935 1.90324 1.78489 1.42241 1.99426
1.63141 1.09902 2.02353 1.85541 1.54938
1.4837 1.30174 1.51067 1.28148 1.64698
1.19077 1.7557 1.53017 1.52681 1.51789
1.63646 1.55959 1.66503 1.64505 1.81474
1.2425 1.49807 1.54248 1.61658 1.91415
1.58569 2.38751 1.33987 1.70003 1.48132
1.60117 0.970117 1.64236 1.93993 1.6759
1.45596 1.63095 1.37178 1.99224 1.64827
1.54487 1.72772 1.69744 1.46562 1.98716
1.97084 1.63022 1.4458 1.60328 1.47058
2.13428 1.40942 1.08686 1.63029 1.86596
1.31285 1.49341 1.96408 1.44958 1.74261
1.59475 1.52366 1.33436 1.25709 1.08341
1.59691 1.95863 1.60046 1.70437 1.39931
1.45344 1.84988 1.59692 1.57029 1.57564
1.34236 1.00432 1.418 1.65568 1.31291
1.9245 1.09812 1.71793 1.488 1.56271
1.34462 2.04601 1.4861 1.60436 1.5487
1.60436 1.5542 1.62316 1.67171 1.22831
1.22703 2.05513 1.72355 1.45343 1.11979
2.03897 1.4922 1.62773 1.45589 1.84928
1.69934 2.15986 1.58089 1.35973 1.68427
1.88838 1.58253 1.69208 1.76965 1.18992
1.56578 1.59699 1.52483 1.07708 1.78011
2.05444 1.40342 1.42859 1.54476 1.77846
1.24071 1.65491 1.24134 1.67101 1.23058
1.7536 0.994623 1.16689 1.54831 0.957662
1.73261 1.28001 1.28088 1.73209 1.20316
2.04363 1.02565 0.96908 1.70856 1.48597
1.2536 1.74233 1.70578 1.90089 1.66063
1.17433 1.26488 1.81224 1.70705 1.74382
1.7247 1.71325 1.6413 2.06084 1.66254
1.92955 1.297 1.8428 1.68287 1.49415
1.62714 1.5072 1.81451 1.56913 1.40817
2.12757 1.9075 1.57412 1.65554 1.33557
1.03064 1.66227 1.61904 2.19951 0.982903
1.75723 1.4487 1.79327 1.523 1.43665
1.95397 1.42432 1.78157 1.18012 1.57258
2.26921 1.31463 1.52386 1.52954 1.6557
1.23383 1.78382 1.78672 1.54247 1.79309
1.05281 1.56761 1.32465 1.64988 1.21468
1.34019 1.59224 1.72088 1.33732 1.78577
1.72408 1.6345 1.50579 1.35867 2.09816
1.3057 1.96147 1.30523 1.57522 1.80662
2.00617 1.68555 1.43102 1.34416 1.81216
1.23696 1.43893 1.19539 1.85264 1.03266
1.30536 1.73504 1.71008 1.4597 1.67992
1.18849 1.33517 1.63506 1.71893 1.83066
1.93937 1.48802 1.73327 1.34252 1.75212
1.48778 1.56506 1.77343 1.25333 1.40643
1.79542 1.35281 1.29281 1.90364 1.54163
1.28274 1.68192 2.08688 1.80361 1.96904
1.78099 1.658 1.63636 1.08653 1.62766
1.18454 1.55972 1.52591 1.07358 1.26404
1.41218 1.61482 1.85664 1.98812 1.34876
1.55668 1.4677 1.72328 1.30413 2.04848
1.48232 1.24512 1.11048 1.5804 2.00043
1.63351 0.996475 1.41796 1.03349 2.16134
1.12827 1.24159 2.11938 1.80056 1.656
1.59195 1.74033 1.89438 1.56534 1.43534
1.25531 1.15389 1.13316 2.26744 1.61679
1.77278 1.77681 1.94272 1.24833 1.10588
1.6945 0.884341 1.33291 2.08909 1.65506
1.48935 1.78071 1.25695 2.20462 1.30729
1.57774 1.67567 2.24916 1.69 1.19271
1.87335 1.24872 1.65975 1.4902 1.9409
1.74797 1.74528 1.63606 1.52494 1.71502
2.09221 1.66897 1.44833 1.68686 1.57807
1.92738 1.42022 1.45805 1.60146 1.94699
1.63736 1.60502 1.44635 1.26715 1.56299
1.60215 1.42578 1.98298 1.31658 1.6231
1.64719 2.14368 1.37251 1.90639 2.03535
1.63248 1.51219 1.76536 1.7412 1.73197
1.39606 1.72742 2.12079 1.47044 1.79209
1.90248 1.76221 1.18244 1.74682 1.78403
1.56536 1.57546 2.05506 1.14048 1.60208
1.82326 1.41446 1.71869 1.75621 1.43726
1.76615 1.52835 1.52401 1.58913 2.27141
0.268447 1.27257 1.5676 1.84068 1.02219
1.56572 1.90928 1.72292 1.89707 1.37794
1.90254 1.68117 1.00764 1.44827 2.75696
1.58652 1.42426 1.79479 1.96246 1.62187
1.72375 1.10743 2.21217 1.62148 1.63076
1.66788 1.23505 1.17597 1.51004 1.97995
1.42673 1.98069 1.69161 1.77718 1.5586
1.61929 1.69807 1.44986 1.91203 0.960016
1.65763 1.56627 1.88175 1.65192 0.970442
1.35353 0.663349 1.00954 1.56245 1.06722
1.55075 1.83079 1.77101 1.74495 0.957275
1.36412 1.38134 1.72694 1.74663 1.58559
2.01031 1.12182 1.8882 1.61116 1.68396
0.90289 1.24076 2.13528 1.68417 1.38143
1.42956 1.47107 1.84393 1.54738 1.87669
2.09472 1.8011 2.12571 1.06628 1.26279
1.66047 1.94717 1.79487 1.58024 1.08567
1.24691 1.66895 1.85225 1.80021 2.17452
1.70983 1.25686 1.83151 1.53192 1.90485
0.985795 1.86432 1.45853 1.86845 0.561304
1.66575 1.45677 1.92015 1.43965 1.34494
1.20305 1.69119 1.31918 1.97243 0.949686
1.12488 0.940656 1.54226 1.98148 1.31316
1.63989 1.3532 1.46014 1.88226 1.8514
0.985696 1.46939 1.58605 1.39876 1.88499
1.60234 1.65639 1.77842 1.76752 1.63907
1.4042 1.57712 2.05331 1.91764 1.12141
1.29112 2.11364 1.74077 1.38194 1.84023
1.84664 1.31094 1.95499 1.32311 1.63402
1.71524 1.7141 1.6346 1.59049 1.49484
1.20667 1.91555 1.74415 1.65835 1.65122
1.21964 1.60287 1.3332 2.02359 1.70048
2.12612 1.45344 1.42509 1.47283 1.38015
2.15675 1.63787 1.65064 1.2985 1.50729
0.637347 2.03758 0.966561 1.46016 0.5695
1.52058 0.52513 1.64694 1.28393 1.55855
1.18219 1.55193 1.14054 1.07791 1.52272
1.53347 1.08564 1.54766 1.42283 1.58174
1.19777 1.00738 1.62349 1.6401 1.50477
1.88472 1.26843 1.46591 2.19353 0.90167
2.04345 1.42279 1.41089 1.73991 1.6744
1.05918 1.49849 1.92481 1.23296 1.60798
1.44255 0.731779 1.19028 1.13455 2.02929
1.39289 0.872336 1.21809 1.07217 2.14049
1.04847 1.56988 1.27157 1.6032 2.0312
1.319 1.25112 2.00682 0.946239 1.48378
1.32238 1.06632 1.66015 0.776208 1.66286
1.47991 0.928622 0.971056 1.59659 1.22943
1.55666 1.47312 1.36167 1.17499 1.83188
2.25009 1.15175 1.84013 1.69621 1.03882
1.34911 1.76155 1.81946 1.36151 1.56107
1.68696 1.22009 1.45614 1.44329 1.97719
1.66168 1.44928 1.56852 1.29392 2.16377
1.65497 1.79085 1.12489 1.58022 1.76087
1.44471 1.97946 1.69146 1.32944 1.73859
1.60094 1.52029 1.59617 1.75702 1.72951
1.57298 1.80694 1.93941 0.853904 1.80308
1.66725 1.83975 1.48548 1.36138 1.50389
1.55974 2.27892 1.06489 1.32159 1.77547
1.4556 1.18321 1.77096 1.32773 1.42714
1.1846 1.92943 1.81942 1.54394 1.78419
1.37294 1.94771 1.66114 1.76501 1.75972
1.57217 1.96558 1.45647 1.85755 1.80502
1.62517 0.870183 1.59146 1.80974 0.604403
1.55754 1.48943 1.63605 1.39665 1.2935
1.57595 1.44528 1.50989 1.73065 1.74112
1.83384 1.81055 1.55277 1.54592 1.49971
1.59434 1.63099 1.16039 2.27997 1.08861
1.31248 1.41405 1.71941 1.53761 1.72627
1.42869 1.23108 1.44284 1.30856 1.64787
1.76197 1.5712 1.46833 1.98094 1.86297
1.90346 1.64541 1.72698 1.40892 1.83941
1.91901 1.50542 1.66986 1.81939 1.55227
1.7956 1.67845 2.27256 1.54476 1.64619
1.86528 1.55892 2.15003 1.38644 2.05766
1.36799 1.68582 1.75755 1.63327 1.87708
1.92257 1.73059 1.64235 1.57932 1.27125
1.30377 1.30991 1.98208 1.05408 1.41316
1.80488 0.646238 1.91992 1.51137 1.8406
1.37928 1.84391 1.7316 1.62185 1.69092
1.58875 1.71923 1.51385 1.16618 1.88476
1.97445 1.94842 1.50658 1.10374 1.53228
2.05777 1.79662 1.32995 1.71903 1.61262
1.28667 1.78133 2.05484 1.65949 1.79051
1.46112 1.5607 1.80334 1.29864 1.32103
1.22841 1.67899 1.33421 1.45228 1.8559
1.47658 1.12012 1.89476 1.68909 1.80903
1.86194 1.79858 1.62336 1.34319 1.82034
1.35056 1.44178 1.82096 1.36941 1.96483
1.66571 1.56729 1.47962 1.89003 1.22317
1.70209 1.77498 1.91854 1.26077 1.5977
1.29161 1.91303 1.24051 1.3585 1.78138
1.50112 1.46674 1.40325 1.98498 1.39075
1.80506 1.72514 2.00554 1.49409 1.78236
1.80403 1.56705 1.9339 1.86489 1.43091
1.29931 1.9218 1.61055 1.89052 1.34016
1.64221 1.57774 1.30172 1.648 1.41245
1.57969 1.59545 1.53674 1.40991 1.80224
1.39213 1.41573 1.43287 1.41347 0.84877
1.61782 1.40315 2.04284 1.73061 1.26839
1.1871 2.1241 1.75396 1.10529 1.63469
1.62371 1.49616 1.3621 1.92686 0.980852
1.58205 1.56149 1.95836 1.38369 1.21622
1.73283 1.73781 1.34225 1.59325 1.09715
1.79671 1.55003 1.2752 1.53606 1.37724
1.54081 1.86693 1.69707 1.53408 1.25757
1.54788 1.42161 1.47349 1.86475 1.54827
1.97201 1.29706 1.36519 1.46756 1.89334
1.32305 1.50906 0.724252 1.23195 2.49775
1.37985 1.6264 1.64888 1.13752 1.43949
1.50725 1.24233 1.79646 1.87933 1.30296
1.31615 1.43498 1.65968 1.97531 1.4096
1.20252 1.59114 1.33312 1.61139 1.57987
1.47481 1.62718 1.37898 1.66934 1.80537
1.04244 0.735463 1.7474 1.83526 1.62166
1.69788 1.81931 1.86842 1.84304 1.38733
1.61895 1.71296 2.16636 1.50447 0.935129
1.771 1.17758 1.56171 1.15891 1.46168
2.06919 1.32408 1.56974 1.5124 1.6074
2.34227 1.37079 1.588 0.705828 1.14002
1.73814 1.76796 1.05717 1.67892 1.43684
1.75476 1.48472 1.55482 1.92654 1.77193
1.43334 1.20785 1.43929 1.9186 1.91086
1.7434 1.48225 2.0014 1.35934 1.55237
1.43457 1.28009 2.17451 1.73831 1.26588
1.73372 1.54431 1.80848 0.98852 1.71861
2.18288 1.39879 1.05245 1.72389 1.86253
0.978285 1.35899 1.59455 0.854909 1.59194
1.54087 1.38107 1.84694 1.16987 1.60489
1.79531 1.50876 1.88683 0.839176 1.91466
1.2645 1.68267 1.50889 1.34756 1.59395
1.40303 1.41265 1.59693 1.73791 1.51635
1.56676 1.48358 1.22265 1.75302 1.76993
1.70446 0.953753 1.31431 1.77026 1.89231
1.83897 1.52036 1.33188 1.43743 1.8308
1.90889 1.55475 1.73881 1.66061 1.5256
1.90417 1.06776 1.9145 1.17749 0.728298
1.7461 1.75778 1.69393 1.34953 1.70429
1.49276 1.3808 2.06502 2.01153 1.48414
0.709132 1.45938 1.18336 1.7509 1.75159
1.34575 1.38147 1.879 1.56616 1.47502
1.92918 1.56304 1.29709 1.79781 0.903419
1.36228 1.45756 1.64531 1.74697 1.57451
1.9795 1.47137 1.81292 1.45286 1.55941
1.72617 1.33493 1.72503 1.63461 1.11047
1.79678 1.22217 1.40101 1.61927 2.00667
1.03881 1.44267 1.72702 1.77049 1.27503
2.03393 1.69054 1.17773 1.98188 1.50307
1.39309 1.59311 1.43627 2.02614 2.07751
1.45759 1.78793 1.70521 1.78417 0.855792
1.36959 1.54302 1.63776 0.959693 1.79451
1.34513 1.46218 2.16078 1.38382 1.60814
1.9506 1.46434 1.29216 1.44792 1.59961
1.11164 1.23949 2.15533 1.04991 1.92209
2.12707 1.55848 1.67995 1.22168 1.56906
2.01619 1.55661 1.4256 1.91882 1.43706
1.97504 1.61898 1.53267 1.58262 1.41666
1.60436 2.28834 1.08759 1.72549 1.42382
1.43608 1.5728 2.06886 1.55287 1.78426
1.36444 1.3989 1.54561 1.82942 1.47481
1.77576 1.59783 1.84885 1.6377 1.72961
1.25502 1.40878 1.91232 1.73444 2.25282
0.616074 1.41872 0.982537 1.61897 1.94215
1.68485 2.12148 1.71073 1.46597 1.42723
1.76209 1.60443 1.78862 1.66946 1.83204
2.03849 1.95531 1.33348 1.64695 1.30507
1.98515 1.58098 1.29376 1.82078 0.708018
2.06506 1.18137 1.99691 1.43108 1.3781
1.31019 1.90191 1.31011 1.40293 2.03436
1.62035 1.61408 1.96998 1.93821 1.47162
1.64618 1.68098 1.9281 1.83337 1.3662
1.94805 1.40646 1.58793 1.92945 1.65621
1.82881 1.61152 1.83174 1.67473 1.92437
1.64717 1.86446 1.31064 1.77743 1.84921
1.03431 1.92268 2.1715 1.55309 1.81545
1.77022 1.89665 1.67339 1.32652 1.15424
1.70106 1.69446 1.83459 1.43759 1.41103
1.12609 1.31709 1.67611 1.75499 1.54381
1.60279 1.7251 1.68428 1.89655 1.26628
1.64241 0.993591 1.93603 1.48853 1.75318
1.52744 1.50595 1.55377 1.02038 1.707
1.33445 1.86908 1.91871 1.84577 1.37425
1.85227 1.49769 1.563 1.64547 1.59175
1.55365 1.83526 1.78934 1.85325 1.25428
1.09014 0.952559 1.59989 1.68287 1.64994
1.66084 1.14238 1.61103 2.03496 1.40479
2.10018 1.48373 1.85906 1.50117 1.1231
2.00181 1.24239 1.66061 1.70172 1.38301
1.82145 1.34777 1.56054 1.15858 1.62748
1.52526 1.4592 1.88008 1.45136 1.58252
1.77193 1.54501 1.68647 1.36599 2.04826
1.31068 1.56632 1.55352 1.65092 1.85311
1.45063 1.7707 1.7448 1.03278 1.94908
1.96441 1.56439 1.41485 1.44238 1.48256
1.19956 1.7373 1.91655 1.19232 1.70808
1.41272 1.83247 1.6995 1.26547 1.6579
1.50149 1.30791 2.18654 1.54925 1.66007
1.53906 1.75137 1.90074 1.83631 1.05943
1.95593 0.919168 1.72337 2.02008 1.78372
1.51475 1.27373 1.25688 1.21777 1.4418
2.05726 1.64463 1.43876 1.62889 1.51393
1.19573 2.0416 1.09687 1.24888 1.66126
1.60839 1.85169 1.7998 1.41404 1.53094
1.52878 1.63112 1.19889 1.82604 2.16265
1.98523 1.79365 1.57954 1.17472 1.55492
1.62226 1.39044 1.9757 1.45954 1.58163
1.72355 1.59893 1.88576 1.95178 1.16905
1.82549 1.70588 1.47276 1.44999 1.50671
1.65497 1.73778 1.60865 1.559 1.60625
1.40688 1.61093 1.98091 1.01506 1.83129
1.25807 1.33534 2.17433 2.12149 1.69702
1.50018 1.65823 1.66258 1.2845 1.40886
1.4705 1.75425 1.39658 1.08356 2.10238
1.55095 2.06471 1.64692 1.62142 1.12091
1.72363 1.5595 1.16929 1.67608 1.46161
1.83709 1.46006 1.68354 1.73261 1.50924
1.13921 1.29966 1.85462 2.00512 1.50838
1.96089 1.29243 1.65874 1.47012 1.58554
1.56991 1.91714 1.6092 1.46565 1.8459
1.72566 1.38115 1.56748 1.52334 2.15338
1.19958 1.67149 2.14197 1.67578 1.48851
1.63749 1.67485 1.95529 1.35676 1.62608
1.51763 1.79305 1.54551 1.31107 1.67837
1.24871 1.41532 1.26647 1.3111 2.17486
1.78636 1.64828 1.68012 1.76518 1.3263
1.37155 1.67095 2.01227 1.59758 1.84121
1.44822 1.44922 1.29363 1.44885 2.09548
1.51143 1.68305 1.67995 1.9009 1.49025
1.91122 1.24403 1.43168 1.52349 1.6727
1.47049 1.59048 1.80715 1.46343 1.99325
1.72799 1.47856 2.06972 1.51596 1.06562
1.51443 1.48861 1.93993 1.70324 1.65758
1.67432 1.62772 1.88866 1.60057 1.20931
1.64374 1.59229 1.61565 1.61955 1.86011
1.14928 0.748006 1.39711 1.05548 1.39848
1.69394 1.80109 1.32088 1.2496 1.68498
1.51283 1.87128 1.38302 0.871497 1.25313
1.62088 2.01334 1.78286 1.41959 1.62615
1.48707 1.55015 0.971649 2.05192 1.2486
1.67299 1.88485 1.37148 1.05787 1.80436
1.47921 1.59486 1.63456 2.23732 1.45447
1.41033 1.71717 1.78651 1.49354 1.39363
1.90969 1.72304 1.82952 1.8044 1.11381
1.65638 1.07892 2.03634 1.93239 1.27807
1.98864 1.57902 1.94002 1.3754 1.47944
2.00372 1.52644 1.7347 1.62201 1.68497
1.66431 1.63892 1.68019 1.67204 1.75184
1.66957 1.6467 1.91714 1.33694 1.36217
1.61724 1.50734 1.95754 1.33203 1.59674
1.63566 1.78803 1.45838 1.7136 1.91515
1.43985 0.949377 1.70019 1.61141 1.76361
1.20502 1.83234 1.79253 1.52942 1.62227
1.79033 0.867964 1.5195 1.28967 1.88312
2.02696 0.880157 1.64013 0.993078 2.18049
1.5159 1.43835 1.63298 1.79909 1.49281
1.71725 1.53127 1.56197 1.86865 1.75052
1.4967 1.50251 1.56005 1.78375 1.71673
0.909186 1.41305 1.05978 1.72045 2.3591
1.96159 1.74541 1.19458 0.884161 1.32306
1.16981 1.74864 1.45431 1.77192 2.13825
2.06543 2.03511 0.614303 1.55636 1.42186
1.46557 0.629092 0.806412 1.04856 1.82395
1.64228 1.659 1.61911 2.04098 1.02084
1.56541 1.60487 1.25964 1.35814 1.2881
2.17982 0.898587 1.29941 1.19944 1.7858
1.7443 1.77032 1.19792 1.2623 1.85037
1.47735 1.66215 1.99001 1.52481 1.63696
1.60709 1.99039 1.69522 1.12586 1.61672
1.56484 1.53316 1.83971 1.65507 1.76711
1.83899 1.3428 1.58001 1.62214 1.85596
1.87939 1.21254 1.93281 1.35612 2.00013
1.51199 1.65411 1.40163 2.03286 1.6784
1.64416 1.10027 1.22396 1.13464 1.91102
1.95881 0.688144 1.22392 1.04762 1.8836
1.13581 1.50679 1.08763 0.753837 1.67568
1.60972 1.21761 1.73764 1.47665 1.39208
0.954465 1.52547 1.60957 1.76991 1.26115
1.81256 1.48573 1.29872 1.31511 1.96907
1.49065 1.86222 1.48255 1.40007 1.65145
1.02294 1.75849 1.86023 1.99344 1.00264
1.99841 1.60554 1.75053 1.106 1.68468
2.04239 1.8315 1.30471 1.98593 1.26162
0.965929 1.62409 1.39452 1.62142 1.85331
1.75775 1.91817 1.71423 1.53609 1.35318
2.10277 1.2442 1.15931 1.85401 1.01257
1.53919 1.03686 1.38636 1.48539 1.73444
1.51255 1.67423 1.79271 1.43304 1.37257
1.7539 1.05273 1.83776 1.98868 0.977813
1.42728 1.77494 0.79579 1.60231 1.23014
1.60775 1.59202 1.10581 1.87964 1.41555
1.21767 1.3516 1.63496 1.71631 1.84517
1.93207 1.36595 1.67047 1.68463 1.0018
1.33957 1.04256 1.73039 1.49829 1.0214
1.53478 1.3903 1.9944 1.80416 1.49977
1.13031 2.0994 1.31987 1.19144 1.57438
1.85547 1.29074 1.52825 1.8427 1.15777
1.3091 1.30093 1.42314 1.64376 1.4685
1.68851 1.88157 1.41018 1.26301 1.89392
1.30654 1.85743 1.24659 1.85455 1.64035
1.29898 1.87064 1.42174 1.9269 1.68626
1.6509 1.72441 1.26126 1.4106 1.0169
1.76316 1.33373 1.64315 1.90284 1.44919
1.78638 1.17436 1.7886 1.85175 1.2559
1.70443 1.99139 1.09483 1.48179 1.7134
1.27839 1.54533 1.91952 1.95454 1.38891
1.88504 1.63549 1.35257 1.59142 1.348
1.80796 1.58624 1.89227 1.2898 1.64292
1.8789 1.5859 1.75903 1.2162 1.8872
1.73508 1.52131 2.08778 1.69991 1.36082
1.14327 1.14744 1.85506 1.39178 1.57677
1.87495 1.65231 1.87865 1.79011 1.36402
2.11231 1.45268 1.63682 1.55486 1.53324
1.1197 1.47041 1.90997 1.55165 1.57629
1.88227 1.01356 1.77993 1.34943 1.45697
1.72846 1.12444 2.05178 1.52992 1.40874
1.841 1.63629 1.24472 1.76444 1.75159
1.48999 1.92422 1.66506 1.80085 1.14017
1.35054 1.81339 1.50381 1.50752 1.98548
1.67098 1.47957 1.85403 1.1626 1.62495
1.1717 1.63651 1.95563 1.66038 1.98642
1.40652 1.93701 1.71967 1.26264 1.41318
1.78769 1.37993 1.90028 1.56809 1.88911
1.70101 1.5879 1.48364 1.48335 1.43242
1.62215 1.66887 1.85565 1.59 1.44174
1.21941 1.88906 0.986572 1.35376 1.72218
1.39584 1.18478 1.4277 1.90701 1.52971
1.61899 1.32609 1.97172 1.16556 0.924454
0.944537 1.19054 1.74971 1.48355 1.59258
1.58897 2.07574 1.8396 1.76674 1.67405
1.52192 1.83612 1.3791 1.88437 1.60787
1.51294 0.980606 1.48895 2.17739 1.48734
1.57354 1.13827 1.87665 1.05216 1.52263
1.86465 1.72604 1.50502 1.53562 2.07003
1.33716 1.94573 1.81664 1.47714 1.6317
1.41832 1.82404 1.73393 1.11055 1.17168
1.38913 1.75976 1.28984 1.1403 1.88101
1.84551 1.54199 0.851526 1.33148 1.77873
1.2819 1.62986 1.45078 1.17521 1.13146
1.59476 2.04716 1.31858 1.32925 1.43757
1.78511 1.08177 1.34892 1.92625 1.95369
1.53824 1.79944 1.52163 1.77735 1.95859
1.45731 1.77059 1.31245 0.841375 1.78163
1.58413 1.61444 1.52139 2.00778 1.48382
1.73309 1.52645 1.4673 1.62475 1.91131
1.83322 1.34817 1.8123 1.34539 1.63871
1.11225 1.91352 1.18919 1.66211 1.25087
1.93805 0.98587 1.80358 1.28815 1.7194
2.07673 1.45413 1.72024 1.58355 1.75195
1.90712 1.54918 1.92639 1.61184 1.66776
1.50338 1.91573 1.61791 1.13904 1.78975
1.72559 1.76444 1.6666 1.45446 0.947397
1.3243 1.06785 1.23357 1.42254 1.41344
1.65229 1.5076 1.17084 1.97717 1.6464
1.43107 2.04553 1.37088 2.32676 1.13114
1.60474 2.09256 1.70266 1.49862 1.64462
1.65931 1.83721 1.72257 1.38862 1.34059
1.82643 1.58829 2.05952 1.37047 1.57735
1.76938 1.35244 1.62588 1.29434 1.798
1.73197 1.34212 1.43703 1.67474 0.698876
1.78657 1.34062 1.49753 1.37115 1.70424
1.54069 1.31317 1.5458 1.77842 1.67571
2.06582 1.02271 1.30249 1.29011 1.52699
2.01464 1.05927 1.38883 1.2831 2.2146
2.04229 1.31326 1.03116 1.42557 1.53007
1.75983 1.84009 1.3785 1.20066 0.88481
2.07651 1.2276 1.48371 1.53454 1.79494
1.82802 1.38124 1.22608 2.09493 1.41895
1.47663 1.45402 1.39655 1.4378 1.99074
1.50823 1.66261 1.83006 1.81456 1.12528
1.65943 1.65654 1.85306 1.36201 1.65442
1.52787 1.46434 1.99304 1.26158 1.48889
1.61471 1.6757 1.70215 1.19975 2.00088
1.04507 1.38096 2.22164 1.51827 1.37603
1.2323 2.28634 1.92691 1.55173 1.59771
1.63449 1.22928 1.95017 1.62095 1.44815
1.62517 1.44478 1.13705 1.63625 1.08767
1.53768 1.94778 1.5929 1.42433 1.56501
1.43501 1.39988 1.70565 1.62383 1.30067
1.27451 1.9762 1.56512 1.85823 1.42773
1.5393 1.26827 1.87798 1.32046 1.5083
2.14158 1.22203 1.43052 1.56069 1.83528
2.17341 1.17303 1.1637 1.64463 1.58289
1.6587 1.77009 1.18386 1.35454 1.39928
1.85504 1.59366 2.11311 1.2624 1.39195
1.55182 0.727957 1.98432 1.23819 1.25017
1.53292 1.19404 1.90511 1.40214 2.45977
2.01978 1.34606 1.56973 1.27147 1.40964
1.47827 1.51436 1.45475 2.27679 1.54802
2.14575 1.23304 1.08774 0.796135 1.95202
1.7317 1.44203 1.78794 1.6071 1.83819
1.53965 1.83646 1.27529 1.82983 1.40713
1.79533 1.91819 1.33907 1.38947 1.68871
1.69266 1.82358 1.4728 1.93614 1.61007
1.25533 1.76785 1.81987 1.22775 2.10036
1.22425 1.70746 1.92469 1.72042 1.87005
1.55598 1.32543 1.75791 1.79111 1.42885
1.80935 0.989015 1.50105 1.60672 1.55488
1.47699 1.3748 0.969573 1.75758 0.975502
1.55095 1.51404 1.64015 1.82889 1.49643
0.73642 2.31302 1.32006 1.45828 2.00775
1.8915 1.40781 1.94183 0.559408 1.64041
